1.0,0.41232573986053467,0.0,0.0,0.261287122964859,0.0,0.21084311604499817,0.5029324889183044
0.41232573986053467,1.0,0.6612669825553894,0.4796977639198303,0.4089680016040802,0.0,0.0,0.9874964952468872
0.0,0.6612669825553894,1.0,0.14809325337409973,0.11505657434463501,0.0,0.0,0.5652337074279785
0.0,0.4796977639198303,0.14809325337409973,1.0,0.9922067523002625,0.0,0.248716801404953,0.3908087909221649
0.261287122964859,0.4089680016040802,0.11505657434463501,0.9922067523002625,1.0,0.12180192768573761,0.3040420711040497,0.32663393020629883
0.0,0.0,0.0,0.0,0.12180192768573761,1.0,0.8785696029663086,0.0
0.21084311604499817,0.0,0.0,0.248716801404953,0.3040420711040497,0.8785696029663086,1.0,0.0
0.5029324889183044,0.9874964952468872,0.5652337074279785,0.3908087909221649,0.32663393020629883,0.0,0.0,1.0
